0.000000000000000000e+00,1.290000000000000000e+02,1.250000000000000000e+02,1.190000000000000000e+02,1.250000000000000000e+02,1.200000000000000000e+02,1.210000000000000000e+02,1.210000000000000000e+02,1.160000000000000000e+02
1.290000000000000000e+02,0.000000000000000000e+00,7.000000000000000000e+00,2.200000000000000000e+01,5.500000000000000000e+01,4.900000000000000000e+01,5.000000000000000000e+01,4.800000000000000000e+01,5.200000000000000000e+01
1.250000000000000000e+02,7.000000000000000000e+00,0.000000000000000000e+00,2.200000000000000000e+01,5.400000000000000000e+01,4.500000000000000000e+01,4.800000000000000000e+01,4.900000000000000000e+01,5.400000000000000000e+01
1.190000000000000000e+02,2.200000000000000000e+01,2.200000000000000000e+01,0.000000000000000000e+00,5.100000000000000000e+01,4.400000000000000000e+01,4.600000000000000000e+01,4.500000000000000000e+01,4.800000000000000000e+01
1.250000000000000000e+02,5.500000000000000000e+01,5.400000000000000000e+01,5.100000000000000000e+01,0.000000000000000000e+00,1.700000000000000000e+01,1.400000000000000000e+01,3.500000000000000000e+01,3.000000000000000000e+01
1.200000000000000000e+02,4.900000000000000000e+01,4.500000000000000000e+01,4.400000000000000000e+01,1.700000000000000000e+01,0.000000000000000000e+00,7.000000000000000000e+00,3.000000000000000000e+01,3.400000000000000000e+01
1.210000000000000000e+02,5.000000000000000000e+01,4.800000000000000000e+01,4.600000000000000000e+01,1.400000000000000000e+01,7.000000000000000000e+00,0.000000000000000000e+00,3.000000000000000000e+01,3.300000000000000000e+01
1.210000000000000000e+02,4.800000000000000000e+01,4.900000000000000000e+01,4.500000000000000000e+01,3.500000000000000000e+01,3.000000000000000000e+01,3.000000000000000000e+01,0.000000000000000000e+00,2.600000000000000000e+01
1.160000000000000000e+02,5.200000000000000000e+01,5.400000000000000000e+01,4.800000000000000000e+01,3.000000000000000000e+01,3.400000000000000000e+01,3.300000000000000000e+01,2.600000000000000000e+01,0.000000000000000000e+00
